12
9
5
9998999999
586041
254
2655
292
808
2133
8548278897865132189475613216548979879879541563628945132132132165497654621321849876543213465489593213216516548940984098406201
9998999999999999999999999999999999999999999999999999999999999999999999999999999999999999999999999999999999999999999999999999999999999999999999999999999999999999999999999999999999999999999999999999999999999999999999999999999999999999999999999999999999999999999999999999999999999999999999999999999999999999999999999999999999999999999999999999999999999999999999
11111111111111111111111111111111111111011111111111111111111111111111111111111111111101111111111111111111111111111111111111111111111111111111111111111110111111111111111111111111111111111111111111111110111111111111111111111111111111111111111111111111111111111111111101111111111111111111111111111111111111111101111111111111111111111111111111111111111111111111111111111111101111111111111111111111111111111111111111111111111111100111111111111111111111111111111111111111111111111111111111111111111111111111111111111111111111111111111111111111111111111111111111111111111111111111111111111111111111111111011111111111111111111111111111111111111111111111111111111111111111111111111111111111111111111111111111111111